0.00100	0.02074
0.00101	0.02093
0.00102	0.02112
0.00103	0.02132
0.00104	0.02152
0.00105	0.02172
0.00106	0.02192
0.00107	0.02212
0.00108	0.02232
0.00109	0.02253
0.00110	0.02274
0.00111	0.02295
0.00112	0.02316
0.00113	0.02338
0.00114	0.02359
0.00115	0.02381
0.00116	0.02403
0.00117	0.02425
0.00118	0.02448
0.00119	0.02470
0.00120	0.02493
0.00121	0.02516
0.00122	0.02539
0.00124	0.02563
0.00125	0.02587
0.00126	0.02611
0.00127	0.02635
0.00128	0.02659
0.00129	0.02684
0.00131	0.02708
0.00132	0.02734
0.00133	0.02759
0.00134	0.02784
0.00136	0.02810
0.00137	0.02836
0.00138	0.02862
0.00139	0.02889
0.00141	0.02915
0.00142	0.02942
0.00143	0.02970
0.00145	0.02997
0.00146	0.03025
0.00147	0.03053
0.00149	0.03081
0.00150	0.03109
0.00151	0.03138
0.00153	0.03167
0.00154	0.03196
0.00156	0.03226
0.00157	0.03256
0.00159	0.03286
0.00160	0.03316
0.00162	0.03347
0.00163	0.03378
0.00165	0.03409
0.00166	0.03441
0.00168	0.03472
0.00169	0.03505
0.00171	0.03537
0.00172	0.03570
0.00174	0.03603
0.00175	0.03636
0.00177	0.03670
0.00179	0.03703
0.00180	0.03738
0.00182	0.03772
0.00184	0.03807
0.00185	0.03842
0.00187	0.03878
0.00189	0.03914
0.00191	0.03950
0.00192	0.03986
0.00194	0.04023
0.00196	0.04060
0.00198	0.04098
0.00200	0.04136
0.00202	0.04174
0.00203	0.04212
0.00205	0.04251
0.00207	0.04291
0.00209	0.04330
0.00211	0.04370
0.00213	0.04411
0.00215	0.04451
0.00217	0.04492
0.00219	0.04534
0.00221	0.04576
0.00223	0.04618
0.00225	0.04661
0.00227	0.04704
0.00229	0.04747
0.00231	0.04791
0.00234	0.04835
0.00236	0.04880
0.00238	0.04925
0.00240	0.04971
0.00242	0.05017
0.00245	0.05063
0.00247	0.05110
0.00249	0.05157
0.00251	0.05204
0.00254	0.05252
0.00256	0.05301
0.00258	0.05350
0.00261	0.05399
0.00263	0.05449
0.00266	0.05499
0.00268	0.05550
0.00271	0.05601
0.00273	0.05653
0.00276	0.05705
0.00278	0.05758
0.00281	0.05811
0.00283	0.05865
0.00286	0.05919
0.00289	0.05974
0.00291	0.06029
0.00294	0.06084
0.00297	0.06140
0.00300	0.06197
0.00302	0.06254
0.00305	0.06312
0.00308	0.06370
0.00311	0.06429
0.00314	0.06488
0.00317	0.06548
0.00320	0.06609
0.00322	0.06670
0.00325	0.06731
0.00328	0.06793
0.00332	0.06856
0.00335	0.06919
0.00338	0.06983
0.00341	0.07047
0.00344	0.07112
0.00347	0.07178
0.00350	0.07244
0.00354	0.07311
0.00357	0.07378
0.00360	0.07446
0.00364	0.07515
0.00367	0.07584
0.00370	0.07654
0.00374	0.07725
0.00377	0.07796
0.00381	0.07868
0.00384	0.07941
0.00388	0.08014
0.00391	0.08088
0.00395	0.08162
0.00399	0.08237
0.00402	0.08313
0.00406	0.08390
0.00410	0.08467
0.00414	0.08545
0.00417	0.08624
0.00421	0.08704
0.00425	0.08784
0.00429	0.08865
0.00433	0.08946
0.00437	0.09029
0.00441	0.09112
0.00445	0.09196
0.00449	0.09281
0.00454	0.09366
0.00458	0.09452
0.00462	0.09539
0.00466	0.09627
0.00471	0.09716
0.00475	0.09805
0.00479	0.09896
0.00484	0.09987
0.00488	0.10079
0.00493	0.10172
0.00497	0.10265
0.00502	0.10360
0.00507	0.10455
0.00511	0.10551
0.00516	0.10648
0.00521	0.10746
0.00526	0.10845
0.00531	0.10945
0.00535	0.11046
0.00540	0.11148
0.00545	0.11250
0.00550	0.11354
0.00556	0.11458
0.00561	0.11563
0.00566	0.11670
0.00571	0.11777
0.00576	0.11885
0.00582	0.11995
0.00587	0.12105
0.00593	0.12216
0.00598	0.12329
0.00604	0.12442
0.00609	0.12556
0.00615	0.12672
0.00621	0.12788
0.00626	0.12906
0.00632	0.13025
0.00638	0.13144
0.00644	0.13265
0.00650	0.13387
0.00656	0.13510
0.00662	0.13634
0.00668	0.13759
0.00674	0.13886
0.00681	0.14013
0.00687	0.14142
0.00693	0.14272
0.00700	0.14403
0.00706	0.14535
0.00713	0.14669
0.00719	0.14803
0.00726	0.14939
0.00733	0.15076
0.00739	0.15215
0.00746	0.15354
0.00753	0.15495
0.00760	0.15638
0.00767	0.15781
0.00774	0.15926
0.00781	0.16072
0.00789	0.16219
0.00796	0.16368
0.00803	0.16518
0.00811	0.16670
0.00818	0.16823
0.00826	0.16977
0.00834	0.17133
0.00841	0.17290
0.00849	0.17448
0.00857	0.17608
0.00865	0.17770
0.00873	0.17932
0.00881	0.18097
0.00889	0.18262
0.00897	0.18430
0.00906	0.18599
0.00914	0.18769
0.00922	0.18941
0.00931	0.19114
0.00940	0.19289
0.00948	0.19466
0.00957	0.19644
0.00966	0.19824
0.00975	0.20005
0.00984	0.20189
0.00993	0.20373
0.01002	0.20560
0.01012	0.20748
0.01021	0.20938
0.01030	0.21129
0.01040	0.21322
0.01050	0.21517
0.01059	0.21714
0.01069	0.21913
0.01079	0.22113
0.01089	0.22315
0.01099	0.22519
0.01109	0.22725
0.01120	0.22932
0.01130	0.23142
0.01140	0.23353
0.01151	0.23567
0.01162	0.23782
0.01172	0.23999
0.01183	0.24218
0.01194	0.24439
0.01205	0.24662
0.01216	0.24887
0.01228	0.25114
0.01239	0.25344
0.01251	0.25575
0.01262	0.25808
0.01274	0.26043
0.01286	0.26281
0.01298	0.26520
0.01310	0.26762
0.01322	0.27006
0.01334	0.27252
0.01346	0.27501
0.01359	0.27751
0.01371	0.28004
0.01384	0.28259
0.01397	0.28516
0.01410	0.28776
0.01423	0.29038
0.01436	0.29302
0.01449	0.29569
0.01463	0.29838
0.01476	0.30109
0.01490	0.30383
0.01504	0.30659
0.01518	0.30938
0.01532	0.31220
0.01546	0.31503
0.01560	0.31790
0.01575	0.32078
0.01589	0.32370
0.01604	0.32664
0.01619	0.32961
0.01634	0.33260
0.01649	0.33562
0.01664	0.33866
0.01680	0.34174
0.01695	0.34484
0.01711	0.34797
0.01727	0.35112
0.01743	0.35431
0.01759	0.35752
0.01775	0.36076
0.01792	0.36403
0.01808	0.36733
0.01825	0.37066
0.01842	0.37401
0.01859	0.37740
0.01876	0.38082
0.01894	0.38426
0.01911	0.38774
0.01929	0.39125
0.01947	0.39479
0.01965	0.39836
0.01983	0.40196
0.02001	0.40559
0.02020	0.40926
0.02038	0.41296
0.02057	0.41669
0.02076	0.42045
0.02096	0.42425
0.02115	0.42808
0.02135	0.43194
0.02154	0.43584
0.02174	0.43977
0.02195	0.44373
0.02215	0.44774
0.02235	0.45177
0.02256	0.45584
0.02277	0.45995
0.02298	0.46409
0.02319	0.46827
0.02341	0.47249
0.02363	0.47674
0.02384	0.48103
0.02406	0.48536
0.02429	0.48972
0.02451	0.49412
0.02474	0.49856
0.02497	0.50304
0.02520	0.50756
0.02543	0.51212
0.02567	0.51672
0.02591	0.52136
0.02615	0.52603
0.02639	0.53075
0.02663	0.53551
0.02688	0.54031
0.02713	0.54516
0.02738	0.55004
0.02763	0.55497
0.02789	0.55993
0.02815	0.56495
0.02841	0.57000
0.02867	0.57510
0.02894	0.58024
0.02921	0.58543
0.02948	0.59066
0.02975	0.59594
0.03002	0.60126
0.03030	0.60663
0.03058	0.61204
0.03087	0.61750
0.03115	0.62301
0.03144	0.62856
0.03173	0.63417
0.03203	0.63982
0.03232	0.64551
0.03262	0.65126
0.03292	0.65706
0.03323	0.66290
0.03354	0.66880
0.03385	0.67474
0.03416	0.68074
0.03448	0.68678
0.03480	0.69288
0.03512	0.69903
0.03544	0.70523
0.03577	0.71149
0.03610	0.71779
0.03644	0.72416
0.03678	0.73057
0.03712	0.73704
0.03746	0.74356
0.03781	0.75014
0.03816	0.75677
0.03851	0.76346
0.03887	0.77021
0.03923	0.77701
0.03959	0.78387
0.03996	0.79079
0.04033	0.79776
0.04070	0.80479
0.04108	0.81188
0.04146	0.81904
0.04184	0.82625
0.04223	0.83352
0.04262	0.84085
0.04302	0.84824
0.04341	0.85569
0.04382	0.86321
0.04422	0.87079
0.04463	0.87843
0.04505	0.88613
0.04546	0.89390
0.04588	0.90173
0.04631	0.90962
0.04674	0.91758
0.04717	0.92561
0.04761	0.93370
0.04805	0.94186
0.04849	0.95009
0.04894	0.95838
0.04940	0.96674
0.04985	0.97517
0.05032	0.98367
0.05078	0.99223
0.05125	1.00087
0.05173	1.00958
0.05221	1.01835
0.05269	1.02720
0.05318	1.03612
0.05367	1.04511
0.05417	1.05418
0.05467	1.06332
0.05517	1.07253
0.05569	1.08181
0.05620	1.09117
0.05672	1.10061
0.05725	1.11012
0.05778	1.11970
0.05831	1.12937
0.05885	1.13911
0.05940	1.14892
0.05995	1.15882
0.06050	1.16879
0.06106	1.17885
0.06163	1.18898
0.06220	1.19919
0.06278	1.20949
0.06336	1.21986
0.06394	1.23032
0.06454	1.24086
0.06513	1.25148
0.06574	1.26218
0.06635	1.27297
0.06696	1.28384
0.06758	1.29480
0.06821	1.30584
0.06884	1.31696
0.06948	1.32818
0.07012	1.33948
0.07077	1.35086
0.07143	1.36234
0.07209	1.37390
0.07275	1.38555
0.07343	1.39729
0.07411	1.40912
0.07480	1.42105
0.07549	1.43306
0.07619	1.44516
0.07689	1.45736
0.07761	1.46964
0.07832	1.48202
0.07905	1.49450
0.07978	1.50706
0.08052	1.51973
0.08127	1.53248
0.08202	1.54533
0.08278	1.55828
0.08355	1.57133
0.08432	1.58447
0.08510	1.59771
0.08589	1.61104
0.08668	1.62448
0.08749	1.63801
0.08830	1.65165
0.08911	1.66538
0.08994	1.67921
0.09077	1.69315
0.09161	1.70718
0.09246	1.72132
0.09332	1.73556
0.09418	1.74990
0.09506	1.76435
0.09594	1.77890
0.09682	1.79356
0.09772	1.80832
0.09863	1.82318
0.09954	1.83815
0.10046	1.85323
0.10139	1.86841
0.10233	1.88370
0.10328	1.89910
0.10424	1.91460
0.10520	1.93021
0.10618	1.94594
0.10716	1.96177
0.10815	1.97771
0.10915	1.99376
0.11016	2.00992
0.11118	2.02620
0.11221	2.04258
0.11325	2.05908
0.11430	2.07569
0.11536	2.09241
0.11643	2.10924
0.11751	2.12619
0.11860	2.14325
0.11970	2.16042
0.12080	2.17771
0.12192	2.19512
0.12305	2.21264
0.12419	2.23027
0.12534	2.24802
0.12650	2.26589
0.12768	2.28388
0.12886	2.30198
0.13005	2.32019
0.13126	2.33853
0.13247	2.35698
0.13370	2.37555
0.13494	2.39424
0.13619	2.41305
0.13745	2.43198
0.13872	2.45102
0.14001	2.47019
0.14130	2.48947
0.14261	2.50888
0.14393	2.52840
0.14527	2.54805
0.14661	2.56782
0.14797	2.58770
0.14934	2.60771
0.15072	2.62784
0.15212	2.64809
0.15353	2.66846
0.15495	2.68895
0.15638	2.70956
0.15783	2.73030
0.15930	2.75115
0.16077	2.77213
0.16226	2.79323
0.16376	2.81446
0.16528	2.83580
0.16681	2.85727
0.16836	2.87886
0.16991	2.90057
0.17149	2.92240
0.17308	2.94435
0.17468	2.96643
0.17630	2.98863
0.17793	3.01095
0.17958	3.03339
0.18124	3.05596
0.18292	3.07864
0.18461	3.10145
0.18632	3.12438
0.18805	3.14743
0.18979	3.17060
0.19155	3.19389
0.19332	3.21730
0.19511	3.24083
0.19692	3.26448
0.19875	3.28826
0.20059	3.31215
0.20244	3.33616
0.20432	3.36029
0.20621	3.38454
0.20812	3.40890
0.21005	3.43339
0.21200	3.45799
0.21396	3.48271
0.21594	3.50754
0.21794	3.53249
0.21996	3.55756
0.22200	3.58274
0.22405	3.60804
0.22613	3.63345
0.22822	3.65898
0.23034	3.68461
0.23247	3.71036
0.23462	3.73622
0.23680	3.76220
0.23899	3.78828
0.24120	3.81447
0.24344	3.84077
0.24569	3.86718
0.24797	3.89370
0.25026	3.92032
0.25258	3.94705
0.25492	3.97389
0.25728	4.00083
0.25967	4.02787
0.26207	4.05501
0.26450	4.08226
0.26695	4.10960
0.26942	4.13705
0.27192	4.16459
0.27443	4.19223
0.27698	4.21997
0.27954	4.24780
0.28213	4.27573
0.28474	4.30375
0.28738	4.33186
0.29004	4.36006
0.29273	4.38835
0.29544	4.41673
0.29818	4.44519
0.30094	4.47374
0.30373	4.50237
0.30654	4.53109
0.30938	4.55989
0.31224	4.58876
0.31514	4.61772
0.31806	4.64675
0.32100	4.67586
0.32397	4.70504
0.32697	4.73429
0.33000	4.76361
0.33306	4.79300
0.33614	4.82246
0.33926	4.85199
0.34240	4.88157
0.34557	4.91122
0.34877	4.94093
0.35200	4.97070
0.35526	5.00052
0.35855	5.03040
0.36187	5.06033
0.36523	5.09030
0.36861	5.12033
0.37202	5.15041
0.37547	5.18053
0.37895	5.21069
0.38246	5.24089
0.38600	5.27113
0.38957	5.30140
0.39318	5.33171
0.39682	5.36205
0.40050	5.39242
0.40421	5.42281
0.40795	5.45323
0.41173	5.48367
0.41555	5.51413
0.41939	5.54461
0.42328	5.57510
0.42720	5.60561
0.43116	5.63612
0.43515	5.66664
0.43918	5.69717
0.44325	5.72769
0.44735	5.75822
0.45150	5.78874
0.45568	5.81926
0.45990	5.84977
0.46416	5.88026
0.46846	5.91074
0.47280	5.94121
0.47718	5.97165
0.48160	6.00207
0.48606	6.03247
0.49056	6.06283
0.49510	6.09317
0.49969	6.12347
0.50432	6.15373
0.50899	6.18395
0.51370	6.21412
0.51846	6.24425
0.52326	6.27433
0.52811	6.30435
0.53300	6.33432
0.53794	6.36423
0.54292	6.39408
0.54795	6.42386
0.55302	6.45357
0.55814	6.48320
0.56331	6.51276
0.56853	6.54225
0.57380	6.57165
0.57911	6.60096
0.58448	6.63018
0.58989	6.65931
0.59535	6.68835
0.60087	6.71728
0.60643	6.74612
0.61205	6.77484
0.61772	6.80346
0.62344	6.83196
0.62921	6.86034
0.63504	6.88861
0.64092	6.91675
0.64686	6.94476
0.65285	6.97264
0.65890	7.00039
0.66500	7.02800
0.67116	7.05547
0.67738	7.08279
0.68365	7.10997
0.68998	7.13699
0.69637	7.16385
0.70282	7.19056
0.70933	7.21710
0.71590	7.24348
0.72253	7.26968
0.72923	7.29571
0.73598	7.32157
0.74280	7.34724
0.74968	7.37273
0.75662	7.39803
0.76363	7.42314
0.77070	7.44805
0.77784	7.47276
0.78505	7.49727
0.79232	7.52158
0.79966	7.54568
0.80706	7.56956
0.81454	7.59323
0.82208	7.61667
0.82970	7.63990
0.83738	7.66289
0.84514	7.68566
0.85296	7.70819
0.86086	7.73049
0.86884	7.75254
0.87689	7.77436
0.88501	7.79592
0.89320	7.81723
0.90148	7.83829
0.90983	7.85910
0.91825	7.87964
0.92676	7.89992
0.93534	7.91994
0.94401	7.93968
0.95275	7.95915
0.96157	7.97835
0.97048	7.99727
0.97947	8.01590
0.98854	8.03426
0.99770	8.05232
1.00694	8.07009
1.01627	8.08757
1.02568	8.10476
1.03518	8.12164
1.04477	8.13823
1.05444	8.15451
1.06421	8.17048
1.07407	8.18614
1.08401	8.20150
1.09405	8.21653
1.10419	8.23125
1.11442	8.24566
1.12474	8.25974
1.13515	8.27349
1.14567	8.28692
1.15628	8.30002
1.16699	8.31279
1.17780	8.32523
1.18871	8.33734
1.19972	8.34911
1.21083	8.36054
1.22204	8.37163
1.23336	8.38238
1.24479	8.39278
1.25632	8.40284
1.26795	8.41255
1.27970	8.42192
1.29155	8.43093
1.30351	8.43959
1.31559	8.44790
1.32777	8.45586
1.34007	8.46346
1.35248	8.47070
1.36501	8.47759
1.37765	8.48412
1.39041	8.49029
1.40329	8.49609
1.41629	8.50154
1.42940	8.50663
1.44264	8.51135
1.45601	8.51571
1.46949	8.51970
1.48310	8.52333
1.49684	8.52660
1.51070	8.52950
1.52470	8.53203
1.53882	8.53420
1.55307	8.53600
1.56746	8.53744
1.58197	8.53851
1.59663	8.53921
1.61141	8.53955
1.62634	8.53952
1.64140	8.53913
1.65661	8.53837
1.67195	8.53724
1.68744	8.53575
1.70307	8.53390
1.71884	8.53168
1.73476	8.52910
1.75083	8.52616
1.76704	8.52285
1.78341	8.51919
1.79993	8.51516
1.81660	8.51078
1.83343	8.50604
1.85041	8.50094
1.86755	8.49549
1.88484	8.48968
1.90230	8.48352
1.91992	8.47700
1.93770	8.47014
1.95565	8.46292
1.97376	8.45536
1.99205	8.44745
2.01050	8.43920
2.02912	8.43061
2.04791	8.42167
2.06688	8.41239
2.08602	8.40278
2.10535	8.39283
2.12485	8.38255
2.14453	8.37193
2.16439	8.36099
2.18444	8.34972
2.20467	8.33812
2.22509	8.32620
2.24570	8.31395
2.26650	8.30139
2.28749	8.28851
2.30868	8.27532
2.33006	8.26182
2.35164	8.24800
2.37342	8.23388
2.39541	8.21946
2.41759	8.20473
2.43999	8.18971
2.46259	8.17438
2.48539	8.15877
2.50842	8.14286
2.53165	8.12666
2.55510	8.11018
2.57876	8.09342
2.60265	8.07637
2.62675	8.05905
2.65108	8.04146
2.67564	8.02359
2.70042	8.00546
2.72543	7.98706
2.75068	7.96839
2.77615	7.94947
2.80187	7.93029
2.82782	7.91086
2.85401	7.89118
2.88044	7.87125
2.90712	7.85108
2.93405	7.83067
2.96123	7.81002
2.98865	7.78914
3.01633	7.76803
3.04427	7.74668
3.07247	7.72512
3.10093	7.70333
3.12965	7.68133
3.15864	7.65911
3.18789	7.63668
3.21742	7.61404
3.24722	7.59120
3.27729	7.56815
3.30765	7.54491
3.33829	7.52148
3.36921	7.49785
3.40041	7.47403
3.43191	7.45003
3.46369	7.42585
3.49578	7.40149
3.52815	7.37696
3.56083	7.35225
3.59381	7.32738
3.62710	7.30234
3.66070	7.27715
3.69460	7.25179
3.72882	7.22628
3.76336	7.20062
3.79822	7.17481
3.83340	7.14886
3.86890	7.12276
3.90474	7.09653
3.94090	7.07016
3.97740	7.04366
4.01424	7.01704
4.05142	6.99029
4.08895	6.96341
4.12682	6.93642
4.16504	6.90932
4.20362	6.88210
4.24256	6.85478
4.28185	6.82734
4.32151	6.79981
4.36154	6.77218
4.40194	6.74445
4.44271	6.71663
4.48386	6.68872
4.52539	6.66072
4.56730	6.63264
4.60960	6.60448
4.65230	6.57624
4.69539	6.54792
4.73888	6.51954
4.78277	6.49109
4.82707	6.46257
4.87178	6.43399
4.91690	6.40534
4.96244	6.37665
5.00841	6.34789
5.05480	6.31909
5.10162	6.29024
5.14887	6.26134
5.19656	6.23241
5.24469	6.20343
5.29327	6.17441
5.34229	6.14536
5.39177	6.11628
5.44171	6.08717
5.49212	6.05803
5.54299	6.02887
5.59433	5.99968
5.64614	5.97048
5.69844	5.94126
5.75122	5.91203
5.80449	5.88279
5.85825	5.85353
5.91251	5.82428
5.96727	5.79501
6.02254	5.76575
6.07832	5.73648
6.13462	5.70722
6.19144	5.67797
6.24879	5.64872
6.30667	5.61948
6.36508	5.59026
6.42403	5.56105
6.48353	5.53185
6.54359	5.50268
6.60419	5.47352
6.66536	5.44439
6.72710	5.41528
6.78941	5.38620
6.85229	5.35714
6.91576	5.32812
6.97981	5.29913
7.04446	5.27017
7.10971	5.24126
7.17556	5.21237
7.24202	5.18353
7.30910	5.15474
7.37680	5.12598
7.44512	5.09727
7.51408	5.06861
7.58368	5.03999
7.65392	5.01143
7.72481	4.98292
7.79636	4.95446
7.86857	4.92606
7.94145	4.89771
8.01501	4.86943
8.08924	4.84120
8.16417	4.81303
8.23979	4.78493
8.31610	4.75689
8.39313	4.72892
8.47087	4.70101
8.54933	4.67317
8.62851	4.64541
8.70843	4.61771
8.78909	4.59008
8.87050	4.56253
8.95266	4.53506
9.03558	4.50765
9.11927	4.48033
9.20373	4.45309
9.28898	4.42592
9.37502	4.39883
9.46185	4.37183
9.54949	4.34491
9.63793	4.31807
9.72720	4.29132
9.81730	4.26465
9.90823	4.23807
10.00000	4.21158
