0.00100	1.33761
0.00101	1.34998
0.00102	1.36247
0.00103	1.37507
0.00104	1.38779
0.00105	1.40063
0.00106	1.41359
0.00107	1.42666
0.00108	1.43986
0.00109	1.45318
0.00110	1.46662
0.00111	1.48019
0.00112	1.49388
0.00113	1.50769
0.00114	1.52164
0.00115	1.53571
0.00116	1.54992
0.00117	1.56425
0.00118	1.57872
0.00119	1.59332
0.00120	1.60806
0.00121	1.62293
0.00122	1.63794
0.00124	1.65309
0.00125	1.66838
0.00126	1.68381
0.00127	1.69938
0.00128	1.71509
0.00129	1.73095
0.00131	1.74696
0.00132	1.76311
0.00133	1.77942
0.00134	1.79587
0.00136	1.81248
0.00137	1.82924
0.00138	1.84615
0.00139	1.86322
0.00141	1.88045
0.00142	1.89784
0.00143	1.91539
0.00145	1.93310
0.00146	1.95097
0.00147	1.96901
0.00149	1.98721
0.00150	2.00558
0.00151	2.02412
0.00153	2.04284
0.00154	2.06172
0.00156	2.08078
0.00157	2.10002
0.00159	2.11943
0.00160	2.13902
0.00162	2.15880
0.00163	2.17875
0.00165	2.19889
0.00166	2.21922
0.00168	2.23973
0.00169	2.26043
0.00171	2.28133
0.00172	2.30241
0.00174	2.32369
0.00175	2.34517
0.00177	2.36684
0.00179	2.38872
0.00180	2.41079
0.00182	2.43307
0.00184	2.45556
0.00185	2.47825
0.00187	2.50115
0.00189	2.52427
0.00191	2.54759
0.00192	2.57113
0.00194	2.59489
0.00196	2.61887
0.00198	2.64307
0.00200	2.66749
0.00202	2.69213
0.00203	2.71701
0.00205	2.74211
0.00207	2.76744
0.00209	2.79301
0.00211	2.81882
0.00213	2.84486
0.00215	2.87114
0.00217	2.89766
0.00219	2.92443
0.00221	2.95144
0.00223	2.97870
0.00225	3.00622
0.00227	3.03398
0.00229	3.06201
0.00231	3.09029
0.00234	3.11883
0.00236	3.14763
0.00238	3.17670
0.00240	3.20604
0.00242	3.23565
0.00245	3.26553
0.00247	3.29568
0.00249	3.32612
0.00251	3.35683
0.00254	3.38783
0.00256	3.41911
0.00258	3.45068
0.00261	3.48254
0.00263	3.51469
0.00266	3.54714
0.00268	3.57988
0.00271	3.61293
0.00273	3.64629
0.00276	3.67994
0.00278	3.71391
0.00281	3.74820
0.00283	3.78279
0.00286	3.81771
0.00289	3.85294
0.00291	3.88850
0.00294	3.92439
0.00297	3.96061
0.00300	3.99716
0.00302	4.03405
0.00305	4.07127
0.00308	4.10884
0.00311	4.14675
0.00314	4.18501
0.00317	4.22363
0.00320	4.26260
0.00322	4.30192
0.00325	4.34161
0.00328	4.38166
0.00332	4.42208
0.00335	4.46287
0.00338	4.50404
0.00341	4.54559
0.00344	4.58751
0.00347	4.62982
0.00350	4.67252
0.00354	4.71561
0.00357	4.75910
0.00360	4.80299
0.00364	4.84728
0.00367	4.89197
0.00370	4.93708
0.00374	4.98260
0.00377	5.02854
0.00381	5.07490
0.00384	5.12169
0.00388	5.16890
0.00391	5.21655
0.00395	5.26463
0.00399	5.31316
0.00402	5.36213
0.00406	5.41155
0.00410	5.46142
0.00414	5.51176
0.00417	5.56255
0.00421	5.61381
0.00425	5.66553
0.00429	5.71773
0.00433	5.77042
0.00437	5.82358
0.00441	5.87723
0.00445	5.93137
0.00449	5.98601
0.00454	6.04115
0.00458	6.09679
0.00462	6.15294
0.00466	6.20961
0.00471	6.26680
0.00475	6.32451
0.00479	6.38274
0.00484	6.44152
0.00488	6.50082
0.00493	6.56068
0.00497	6.62108
0.00502	6.68203
0.00507	6.74354
0.00511	6.80561
0.00516	6.86825
0.00521	6.93146
0.00526	6.99525
0.00531	7.05963
0.00535	7.12459
0.00540	7.19015
0.00545	7.25630
0.00550	7.32307
0.00556	7.39044
0.00561	7.45842
0.00566	7.52703
0.00571	7.59626
0.00576	7.66613
0.00582	7.73663
0.00587	7.80778
0.00593	7.87958
0.00598	7.95203
0.00604	8.02515
0.00609	8.09893
0.00615	8.17338
0.00621	8.24852
0.00626	8.32434
0.00632	8.40085
0.00638	8.47805
0.00644	8.55597
0.00650	8.63459
0.00656	8.71393
0.00662	8.79399
0.00668	8.87478
0.00674	8.95631
0.00681	9.03858
0.00687	9.12160
0.00693	9.20538
0.00700	9.28992
0.00706	9.37523
0.00713	9.46131
0.00719	9.54818
0.00726	9.63584
0.00733	9.72430
0.00739	9.81356
0.00746	9.90364
0.00753	9.99453
0.00760	10.08625
0.00767	10.17880
0.00774	10.27219
0.00781	10.36644
0.00789	10.46154
0.00796	10.55750
0.00803	10.65433
0.00811	10.75205
0.00818	10.85065
0.00826	10.95014
0.00834	11.05054
0.00841	11.15185
0.00849	11.25408
0.00857	11.35724
0.00865	11.46133
0.00873	11.56637
0.00881	11.67235
0.00889	11.77930
0.00897	11.88722
0.00906	11.99612
0.00914	12.10600
0.00922	12.21687
0.00931	12.32876
0.00940	12.44165
0.00948	12.55556
0.00957	12.67051
0.00966	12.78650
0.00975	12.90353
0.00984	13.02162
0.00993	13.14078
0.01002	13.26102
0.01012	13.38235
0.01021	13.50477
0.01030	13.62829
0.01040	13.75293
0.01050	13.87870
0.01059	14.00560
0.01069	14.13365
0.01079	14.26285
0.01089	14.39321
0.01099	14.52476
0.01109	14.65749
0.01120	14.79141
0.01130	14.92654
0.01140	15.06289
0.01151	15.20046
0.01162	15.33928
0.01172	15.47934
0.01183	15.62067
0.01194	15.76326
0.01205	15.90714
0.01216	16.05231
0.01228	16.19879
0.01239	16.34658
0.01251	16.49570
0.01262	16.64616
0.01274	16.79797
0.01286	16.95114
0.01298	17.10569
0.01310	17.26162
0.01322	17.41895
0.01334	17.57769
0.01346	17.73786
0.01359	17.89946
0.01371	18.06250
0.01384	18.22701
0.01397	18.39299
0.01410	18.56045
0.01423	18.72942
0.01436	18.89989
0.01449	19.07188
0.01463	19.24542
0.01476	19.42050
0.01490	19.59715
0.01504	19.77537
0.01518	19.95519
0.01532	20.13660
0.01546	20.31964
0.01560	20.50431
0.01575	20.69062
0.01589	20.87860
0.01604	21.06824
0.01619	21.25958
0.01634	21.45261
0.01649	21.64737
0.01664	21.84386
0.01680	22.04209
0.01695	22.24208
0.01711	22.44385
0.01727	22.64741
0.01743	22.85278
0.01759	23.05997
0.01775	23.26899
0.01792	23.47987
0.01808	23.69262
0.01825	23.90725
0.01842	24.12378
0.01859	24.34223
0.01876	24.56261
0.01894	24.78493
0.01911	25.00923
0.01929	25.23550
0.01947	25.46377
0.01965	25.69405
0.01983	25.92637
0.02001	26.16074
0.02020	26.39717
0.02038	26.63568
0.02057	26.87629
0.02076	27.11902
0.02096	27.36389
0.02115	27.61090
0.02135	27.86009
0.02154	28.11147
0.02174	28.36505
0.02195	28.62086
0.02215	28.87891
0.02235	29.13923
0.02256	29.40182
0.02277	29.66672
0.02298	29.93393
0.02319	30.20348
0.02341	30.47538
0.02363	30.74966
0.02384	31.02634
0.02406	31.30543
0.02429	31.58696
0.02451	31.87094
0.02474	32.15739
0.02497	32.44634
0.02520	32.73780
0.02543	33.03180
0.02567	33.32835
0.02591	33.62748
0.02615	33.92921
0.02639	34.23355
0.02663	34.54054
0.02688	34.85018
0.02713	35.16250
0.02738	35.47753
0.02763	35.79529
0.02789	36.11578
0.02815	36.43905
0.02841	36.76511
0.02867	37.09398
0.02894	37.42569
0.02921	37.76025
0.02948	38.09769
0.02975	38.43804
0.03002	38.78131
0.03030	39.12753
0.03058	39.47673
0.03087	39.82892
0.03115	40.18412
0.03144	40.54237
0.03173	40.90369
0.03203	41.26810
0.03232	41.63562
0.03262	42.00628
0.03292	42.38010
0.03323	42.75711
0.03354	43.13733
0.03385	43.52079
0.03416	43.90751
0.03448	44.29752
0.03480	44.69084
0.03512	45.08750
0.03544	45.48752
0.03577	45.89093
0.03610	46.29775
0.03644	46.70802
0.03678	47.12175
0.03712	47.53897
0.03746	47.95971
0.03781	48.38400
0.03816	48.81186
0.03851	49.24332
0.03887	49.67840
0.03923	50.11714
0.03959	50.55955
0.03996	51.00568
0.04033	51.45554
0.04070	51.90916
0.04108	52.36657
0.04146	52.82780
0.04184	53.29288
0.04223	53.76183
0.04262	54.23468
0.04302	54.71147
0.04341	55.19221
0.04382	55.67694
0.04422	56.16569
0.04463	56.65849
0.04505	57.15536
0.04546	57.65634
0.04588	58.16145
0.04631	58.67072
0.04674	59.18418
0.04717	59.70187
0.04761	60.22381
0.04805	60.75003
0.04849	61.28057
0.04894	61.81545
0.04940	62.35470
0.04985	62.89835
0.05032	63.44644
0.05078	63.99899
0.05125	64.55604
0.05173	65.11761
0.05221	65.68374
0.05269	66.25446
0.05318	66.82980
0.05367	67.40979
0.05417	67.99446
0.05467	68.58384
0.05517	69.17797
0.05569	69.77687
0.05620	70.38059
0.05672	70.98914
0.05725	71.60257
0.05778	72.22090
0.05831	72.84417
0.05885	73.47241
0.05940	74.10564
0.05995	74.74391
0.06050	75.38725
0.06106	76.03568
0.06163	76.68925
0.06220	77.34798
0.06278	78.01190
0.06336	78.68105
0.06394	79.35547
0.06454	80.03518
0.06513	80.72021
0.06574	81.41061
0.06635	82.10639
0.06696	82.80761
0.06758	83.51428
0.06821	84.22645
0.06884	84.94414
0.06948	85.66739
0.07012	86.39623
0.07077	87.13069
0.07143	87.87081
0.07209	88.61663
0.07275	89.36816
0.07343	90.12546
0.07411	90.88854
0.07480	91.65745
0.07549	92.43222
0.07619	93.21287
0.07689	93.99945
0.07761	94.79198
0.07832	95.59050
0.07905	96.39504
0.07978	97.20564
0.08052	98.02233
0.08127	98.84513
0.08202	99.67409
0.08278	100.50924
0.08355	101.35060
0.08432	102.19821
0.08510	103.05211
0.08589	103.91233
0.08668	104.77889
0.08749	105.65183
0.08830	106.53118
0.08911	107.41698
0.08994	108.30925
0.09077	109.20804
0.09161	110.11336
0.09246	111.02525
0.09332	111.94374
0.09418	112.86887
0.09506	113.80066
0.09594	114.73914
0.09682	115.68435
0.09772	116.63632
0.09863	117.59507
0.09954	118.56064
0.10046	119.53305
0.10139	120.51234
0.10233	121.49853
0.10328	122.49166
0.10424	123.49175
0.10520	124.49883
0.10618	125.51293
0.10716	126.53407
0.10815	127.56230
0.10915	128.59762
0.11016	129.64008
0.11118	130.68969
0.11221	131.74648
0.11325	132.81049
0.11430	133.88173
0.11536	134.96023
0.11643	136.04602
0.11751	137.13912
0.11860	138.23956
0.11970	139.34735
0.12080	140.46253
0.12192	141.58512
0.12305	142.71514
0.12419	143.85261
0.12534	144.99755
0.12650	146.14999
0.12768	147.30994
0.12886	148.47744
0.13005	149.65249
0.13126	150.83512
0.13247	152.02534
0.13370	153.22318
0.13494	154.42865
0.13619	155.64178
0.13745	156.86257
0.13872	158.09104
0.14001	159.32721
0.14130	160.57110
0.14261	161.82272
0.14393	163.08208
0.14527	164.34920
0.14661	165.62409
0.14797	166.90676
0.14934	168.19722
0.15072	169.49549
0.15212	170.80157
0.15353	172.11547
0.15495	173.43720
0.15638	174.76677
0.15783	176.10419
0.15930	177.44946
0.16077	178.80259
0.16226	180.16358
0.16376	181.53243
0.16528	182.90915
0.16681	184.29375
0.16836	185.68621
0.16991	187.08655
0.17149	188.49476
0.17308	189.91084
0.17468	191.33479
0.17630	192.76660
0.17793	194.20627
0.17958	195.65380
0.18124	197.10918
0.18292	198.57239
0.18461	200.04344
0.18632	201.52232
0.18805	203.00901
0.18979	204.50350
0.19155	206.00578
0.19332	207.51584
0.19511	209.03365
0.19692	210.55921
0.19875	212.09250
0.20059	213.63350
0.20244	215.18220
0.20432	216.73856
0.20621	218.30256
0.20812	219.87420
0.21005	221.45343
0.21200	223.04024
0.21396	224.63460
0.21594	226.23648
0.21794	227.84584
0.21996	229.46267
0.22200	231.08693
0.22405	232.71857
0.22613	234.35758
0.22822	236.00391
0.23034	237.65752
0.23247	239.31838
0.23462	240.98645
0.23680	242.66168
0.23899	244.34402
0.24120	246.03344
0.24344	247.72989
0.24569	249.43331
0.24797	251.14367
0.25026	252.86090
0.25258	254.58496
0.25492	256.31579
0.25728	258.05333
0.25967	259.79753
0.26207	261.54832
0.26450	263.30566
0.26695	265.06946
0.26942	266.83967
0.27192	268.61623
0.27443	270.39906
0.27698	272.18810
0.27954	273.98327
0.28213	275.78450
0.28474	277.59172
0.28738	279.40484
0.29004	281.22380
0.29273	283.04851
0.29544	284.87888
0.29818	286.71484
0.30094	288.55630
0.30373	290.40316
0.30654	292.25535
0.30938	294.11277
0.31224	295.97532
0.31514	297.84292
0.31806	299.71546
0.32100	301.59284
0.32397	303.47497
0.32697	305.36173
0.33000	307.25303
0.33306	309.14876
0.33614	311.04881
0.33926	312.95307
0.34240	314.86142
0.34557	316.77376
0.34877	318.68995
0.35200	320.60990
0.35526	322.53346
0.35855	324.46053
0.36187	326.39097
0.36523	328.32466
0.36861	330.26148
0.37202	332.20128
0.37547	334.14393
0.37895	336.08931
0.38246	338.03727
0.38600	339.98768
0.38957	341.94039
0.39318	343.89526
0.39682	345.85214
0.40050	347.81089
0.40421	349.77136
0.40795	351.73340
0.41173	353.69685
0.41555	355.66156
0.41939	357.62737
0.42328	359.59413
0.42720	361.56166
0.43116	363.52981
0.43515	365.49841
0.43918	367.46730
0.44325	369.43630
0.44735	371.40525
0.45150	373.37397
0.45568	375.34229
0.45990	377.31003
0.46416	379.27701
0.46846	381.24305
0.47280	383.20797
0.47718	385.17159
0.48160	387.13371
0.48606	389.09416
0.49056	391.05274
0.49510	393.00926
0.49969	394.96352
0.50432	396.91534
0.50899	398.86452
0.51370	400.81085
0.51846	402.75415
0.52326	404.69420
0.52811	406.63081
0.53300	408.56377
0.53794	410.49288
0.54292	412.41792
0.54795	414.33870
0.55302	416.25500
0.55814	418.16660
0.56331	420.07330
0.56853	421.97489
0.57380	423.87114
0.57911	425.76184
0.58448	427.64678
0.58989	429.52573
0.59535	431.39847
0.60087	433.26479
0.60643	435.12446
0.61205	436.97726
0.61772	438.82297
0.62344	440.66136
0.62921	442.49220
0.63504	444.31527
0.64092	446.13035
0.64686	447.93720
0.65285	449.73560
0.65890	451.52532
0.66500	453.30612
0.67116	455.07779
0.67738	456.84009
0.68365	458.59278
0.68998	460.33565
0.69637	462.06845
0.70282	463.79096
0.70933	465.50294
0.71590	467.20417
0.72253	468.89442
0.72923	470.57344
0.73598	472.24102
0.74280	473.89692
0.74968	475.54090
0.75662	477.17275
0.76363	478.79223
0.77070	480.39911
0.77784	481.99316
0.78505	483.57416
0.79232	485.14188
0.79966	486.69608
0.80706	488.23655
0.81454	489.76306
0.82208	491.27539
0.82970	492.77330
0.83738	494.25659
0.84514	495.72503
0.85296	497.17840
0.86086	498.61648
0.86884	500.03905
0.87689	501.44591
0.88501	502.83683
0.89320	504.21160
0.90148	505.57002
0.90983	506.91187
0.91825	508.23695
0.92676	509.54505
0.93534	510.83596
0.94401	512.10950
0.95275	513.36545
0.96157	514.60361
0.97048	515.82381
0.97947	517.02584
0.98854	518.20951
0.99770	519.37463
1.00694	520.52102
1.01627	521.64850
1.02568	522.75688
1.03518	523.84600
1.04477	524.91566
1.05444	525.96571
1.06421	526.99597
1.07407	528.00628
1.08401	528.99647
1.09405	529.96638
1.10419	530.91586
1.11442	531.84475
1.12474	532.75291
1.13515	533.64018
1.14567	534.50642
1.15628	535.35149
1.16699	536.17526
1.17780	536.97759
1.18871	537.75834
1.19972	538.51741
1.21083	539.25465
1.22204	539.96996
1.23336	540.66321
1.24479	541.33430
1.25632	541.98312
1.26795	542.60957
1.27970	543.21354
1.29155	543.79494
1.30351	544.35368
1.31559	544.88967
1.32777	545.40282
1.34007	545.89306
1.35248	546.36032
1.36501	546.80451
1.37765	547.22558
1.39041	547.62346
1.40329	547.99809
1.41629	548.34942
1.42940	548.67739
1.44264	548.98197
1.45601	549.26310
1.46949	549.52076
1.48310	549.75490
1.49684	549.96551
1.51070	550.15255
1.52470	550.31600
1.53882	550.45586
1.55307	550.57210
1.56746	550.66472
1.58197	550.73372
1.59663	550.77910
1.61141	550.80087
1.62634	550.79903
1.64140	550.77360
1.65661	550.72460
1.67195	550.65206
1.68744	550.55599
1.70307	550.43643
1.71884	550.29342
1.73476	550.12699
1.75083	549.93720
1.76704	549.72408
1.78341	549.48770
1.79993	549.22810
1.81660	548.94535
1.83343	548.63952
1.85041	548.31067
1.86755	547.95887
1.88484	547.58420
1.90230	547.18675
1.91992	546.76659
1.93770	546.32382
1.95565	545.85852
1.97376	545.37080
1.99205	544.86075
2.01050	544.32847
2.02912	543.77408
2.04791	543.19768
2.06688	542.59939
2.08602	541.97932
2.10535	541.33760
2.12485	540.67434
2.14453	539.98969
2.16439	539.28376
2.18444	538.55669
2.20467	537.80862
2.22509	537.03970
2.24570	536.25005
2.26650	535.43984
2.28749	534.60920
2.30868	533.75829
2.33006	532.88727
2.35164	531.99630
2.37342	531.08553
2.39541	530.15512
2.41759	529.20525
2.43999	528.23608
2.46259	527.24778
2.48539	526.24052
2.50842	525.21449
2.53165	524.16985
2.55510	523.10679
2.57876	522.02549
2.60265	520.92613
2.62675	519.80890
2.65108	518.67399
2.67564	517.52158
2.70042	516.35187
2.72543	515.16505
2.75068	513.96132
2.77615	512.74087
2.80187	511.50390
2.82782	510.25061
2.85401	508.98120
2.88044	507.69588
2.90712	506.39484
2.93405	505.07829
2.96123	503.74644
2.98865	502.39949
3.01633	501.03765
3.04427	499.66114
3.07247	498.27015
3.10093	496.86491
3.12965	495.44562
3.15864	494.01250
3.18789	492.56575
3.21742	491.10560
3.24722	489.63225
3.27729	488.14592
3.30765	486.64682
3.33829	485.13518
3.36921	483.61120
3.40041	482.07510
3.43191	480.52710
3.46369	478.96741
3.49578	477.39625
3.52815	475.81384
3.56083	474.22038
3.59381	472.61611
3.62710	471.00123
3.66070	469.37595
3.69460	467.74051
3.72882	466.09510
3.76336	464.43994
3.79822	462.77526
3.83340	461.10126
3.86890	459.41815
3.90474	457.72616
3.94090	456.02549
3.97740	454.31635
4.01424	452.59895
4.05142	450.87352
4.08895	449.14025
4.12682	447.39935
4.16504	445.65104
4.20362	443.89552
4.24256	442.13300
4.28185	440.36367
4.32151	438.58776
4.36154	436.80546
4.40194	435.01697
4.44271	433.22249
4.48386	431.42223
4.52539	429.61638
4.56730	427.80515
4.60960	425.98873
4.65230	424.16731
4.69539	422.34109
4.73888	420.51026
4.78277	418.67502
4.82707	416.83556
4.87178	414.99206
4.91690	413.14471
4.96244	411.29370
5.00841	409.43921
5.05480	407.58143
5.10162	405.72054
5.14887	403.85672
5.19656	401.99014
5.24469	400.12099
5.29327	398.24945
5.34229	396.37568
5.39177	394.49986
5.44171	392.62216
5.49212	390.74276
5.54299	388.86181
5.59433	386.97948
5.64614	385.09594
5.69844	383.21136
5.75122	381.32589
5.80449	379.43969
5.85825	377.55293
5.91251	375.66575
5.96727	373.77831
6.02254	371.89077
6.07832	370.00328
6.13462	368.11598
6.19144	366.22903
6.24879	364.34256
6.30667	362.45673
6.36508	360.57167
6.42403	358.68753
6.48353	356.80445
6.54359	354.92256
6.60419	353.04200
6.66536	351.16290
6.72710	349.28539
6.78941	347.40961
6.85229	345.53568
6.91576	343.66372
6.97981	341.79387
7.04446	339.92625
7.10971	338.06097
7.17556	336.19817
7.24202	334.33794
7.30910	332.48042
7.37680	330.62571
7.44512	328.77393
7.51408	326.92519
7.58368	325.07959
7.65392	323.23725
7.72481	321.39827
7.79636	319.56276
7.86857	317.73081
7.94145	315.90252
8.01501	314.07801
8.08924	312.25735
8.16417	310.44065
8.23979	308.62800
8.31610	306.81950
8.39313	305.01522
8.47087	303.21527
8.54933	301.41973
8.62851	299.62869
8.70843	297.84222
8.78909	296.06041
8.87050	294.28334
8.95266	292.51109
9.03558	290.74374
9.11927	288.98136
9.20373	287.22403
9.28898	285.47182
9.37502	283.72480
9.46185	281.98304
9.54949	280.24660
9.63793	278.51557
9.72720	276.78999
9.81730	275.06993
9.90823	273.35547
10.00000	271.64664
